6.882716523024193123e+00
9.415055063493122489e+00
7.740053637412617427e+00
1.368901723009380733e+00
1.073856356976179205e+00
6.601346529766088267e+00
1.056531588130492239e+01
1.654090654282937223e+01
1.093249837926501300e+01
5.055517969193897621e+00
1.316259639968014650e+00
1.118142062119197533e+00
2.544533672558567883e+00
-1.389095057276747314e+00
3.308256875152050469e+00
-4.785835068244151280e+00
8.945204262446579957e-01
1.805276977981077735e+01
4.960532640747275401e+00
7.954632608298517482e+00
2.160725974850540521e+00
8.126167773735279098e+00
5.675598419724833477e+00
-7.559887170907545695e+00
4.901375977078234136e+00
-2.304272323559787949e+00
3.940890313293971214e+00
1.174421972583982132e+01
-2.035803570653666128e+00
4.155603982621971504e+00
4.038493600593133337e+00
2.095715456468192350e+00
6.735953086112315802e+00
1.027195446592545913e+01
-5.893124190693622699e-01
1.464109609524608402e+01
8.059268382468259162e+00
1.961347846378652671e+00
3.730560367259039278e+00
5.516225716954682445e-01
5.770931702894234405e+00
7.096161682169518592e+00
6.818437503413176337e+00
7.676420928262326804e+00
9.778909780565745891e+00
8.086690987028122279e+00
8.239239345868178077e+00
1.125309222278144716e+01
1.082987922028832628e+01
1.210355593223241932e+01
1.287815719840505935e+01
1.278368332862798518e+01
1.810398644160410342e+01
1.701371311010615983e+01
1.773402650032787875e+01
1.726568963810816726e+01
1.757476980472038974e+01
1.537056897856606064e+01
2.037613181141329477e+01
1.484843250411786997e+01
1.509043341661423554e+01
1.383587790042084897e+01
1.451552648205405660e+01
1.033720630805461660e+01
1.618471137711548380e+01
1.407656994964735908e+01
1.245960887756495339e+01
1.403987745831669542e+01
1.105162807706428474e+01
1.171672931198600409e+01
1.408965490365259932e+01
1.435665339224572712e+01
1.273054574172512332e+01
1.319446231296446648e+01
1.765897782473057376e+01
1.392328825635637912e+01
1.565098501595910818e+01
1.241130044225553064e+01
1.440350408020529294e+01
1.251440933685394263e+01
1.914587888372012969e+01
1.873134554946005537e+01
1.587882988395621098e+01
1.638897622265498555e+01
1.933465265881037709e+01
1.441730013129226506e+01
1.584494399093073547e+01
1.850207687063004869e+01
2.105889360840297186e+01
2.120306666567422482e+01
2.053242537347562902e+01
1.800544700435418122e+01
1.743729491130789455e+01
1.944190776208228044e+01
1.841070995321619108e+01
1.730618427866060927e+01
1.634255902036558439e+01
1.799840238157286265e+01
1.761196982215568241e+01
1.315794646727424322e+01
1.899347771607363100e+01
1.799011795105600342e+01
2.360577833564081018e+01
1.839439472871961812e+01
2.041182700572511521e+01
1.977883538906904803e+01
2.005064139004206325e+01
1.984458301802736457e+01
2.019467866524727739e+01
2.043810849153972953e+01
1.905843115591943970e+01
2.137034263561968217e+01
2.168020280334689431e+01
2.109216259673654648e+01
1.538189261393809559e+01
1.836125799047490759e+01
1.398652677078347040e+01
1.467355076041063455e+01
9.568583242105109576e+00
1.688256019216059300e+01
1.863392290882483593e+01
1.883347959962245710e+01
1.620617065935988421e+01
1.492122808845135573e+01
1.825099448502361810e+01
1.560059333396020520e+01
1.693816166943939905e+01
1.876152543865941524e+01
1.513951376171552177e+01
1.462978368081435576e+01
1.279024699310718738e+01
1.192816297803326187e+01
1.660532488850878963e+01
1.709063731264247821e+01
1.613839370341712254e+01
1.769866542283295985e+01
1.128330181217966377e+01
1.178312904027843899e+01
8.938742238110739535e+00
8.342726748536506420e+00
1.489389106542700958e+01
1.543916319509431823e+01
1.602704966049599022e+01
1.569356611416606562e+01
1.953953862300581434e+01
1.839700561841116055e+01
1.818269753320937099e+01
1.698441055845227154e+01
1.754726241325610303e+01
2.156527255503815965e+01
1.691323842071781769e+01
1.926693571664272753e+01
1.480356918707310854e+01
1.671934337466708698e+01
1.670701919660943346e+01
1.759768981969702750e+01
1.924733176898010001e+01
1.781435403150271313e+01
2.115537104117657208e+01
1.567159889160740605e+01
1.605047318601388184e+01
1.275795312832680573e+01
1.215891114571144271e+01
1.455660430380028814e+01
1.197499579693243277e+01
1.107219882299661862e+01
1.092760913304153192e+01
1.309284416932473860e+01
1.634308143216016163e+01
1.794748433567681545e+01
1.647900390982849572e+01
1.853488465268675256e+01
2.139868117743243658e+01
2.056227490717392214e+01
1.983608161875395481e+01
1.843895962680487344e+01
2.224663947778720186e+01
1.836944868225334915e+01
1.807214937643429664e+01
1.936475217464511545e+01
1.815147891192769691e+01
2.119543176166791554e+01
1.843636654477656478e+01
1.705003446074497475e+01
2.153149506625464937e+01
1.467023170621852479e+01
1.769746078933638955e+01
1.871428366686938460e+01
1.225559133816642898e+01
1.749078054641363877e+01
1.740051467676283892e+01
1.823404469592123078e+01
2.126778793359311592e+01
1.945785620357611378e+01
1.772789805317653844e+01
1.794077787583225714e+01
1.771857613187964020e+01
1.896812212214877746e+01
1.833317706918521495e+01
2.122699097152821679e+01
1.988477194820249849e+01
2.021584225929392176e+01
2.128392538576676429e+01
1.824069464470473179e+01
1.604647533808124038e+01
1.966706175913800791e+01
1.668528183689920397e+01
1.441016694596952519e+01
2.044608322650353927e+01
2.004562801119600479e+01
2.178481331826327860e+01
2.396291524312816179e+01
1.957979097408871283e+01
1.674935941999120459e+01
2.122710705048890034e+01
2.002274341983595107e+01
1.974845717226929409e+01
1.465184327464436542e+01
2.302304318391720628e+01
1.830734265264746696e+01
1.822190545243171300e+01
1.990113538965402640e+01
1.940919624463574422e+01
1.934212495606636040e+01
2.082362322308612690e+01
2.328410552954747814e+01
2.181036892874351807e+01
1.833914277873191878e+01
1.599372898068273230e+01
2.034719650925653767e+01
1.588962124183947466e+01
2.081727602878248717e+01
1.978155606818839729e+01
1.625246399572326084e+01
1.926882288948748823e+01
1.799294312481617197e+01
1.179071056858074229e+01
1.554975252308036282e+01
1.310086089696462075e+01
1.341362284510547376e+01
1.285909778662869307e+01
1.226586967357850533e+01
1.106736471429172042e+01
1.194897602500492262e+01
1.852188019151543941e+01
1.964092309128347580e+01
1.891633589981488939e+01
1.842904533036761450e+01
1.838879091415918765e+01
1.943245255415742179e+01
2.288718215364358599e+01
1.754549304029595191e+01
1.903855485391661517e+01
1.567191567813570252e+01
1.725557204897481611e+01
1.763520367750643203e+01
2.127324318029173256e+01
1.865906734721096072e+01
2.036828054857045700e+01
2.170411598309713952e+01
2.057365678465921022e+01
1.817119843159868608e+01
1.779178598228659425e+01
1.895213232872305298e+01
1.494524551832563120e+01
1.935483648771005605e+01
1.883258603054388658e+01
1.806653932862992562e+01
1.935318358716746445e+01
1.673761155410751300e+01
1.488966636823194456e+01
1.496940936186672744e+01
1.849985036526115678e+01
2.027808726011804907e+01
2.016941871735249592e+01
1.723337842436068357e+01
2.203578113203910505e+01
1.956550597360747901e+01
1.911889677306619362e+01
1.739240944623128726e+01
1.797553896374980908e+01
1.891829102650211780e+01
2.036390135994897577e+01
2.020662865304913325e+01
1.974587568671369198e+01
2.153060793220640790e+01
1.995073264668718949e+01
1.906761664217132690e+01
1.356934150969290620e+01
1.645053533644814436e+01
1.649580751492522168e+01
1.805850903536526175e+01
1.683844717148067360e+01
1.793382656170074796e+01
1.628561908539460745e+01
1.875002042092665988e+01
1.855155418220799390e+01
2.403936632111772553e+01
1.857291810952254352e+01
1.998938104531836046e+01
1.659452617459677271e+01
1.428482949779254163e+01
1.785088105718266505e+01
1.302472990098270600e+01
1.515749499587785820e+01
1.148729254426441315e+01
1.018907397899904055e+01
1.431087344619579582e+01
1.352238711128713078e+01
1.201054484242287757e+01
1.353102078284990029e+01
1.456816392830365281e+01
2.073206475757701028e+01
1.988020644768224088e+01
1.933966308372721343e+01
1.584188973576550730e+01
1.824029726516686623e+01
1.843878135899742787e+01
1.884508482277471231e+01
1.652143121561028138e+01
1.857442928757723521e+01
2.046402019994044252e+01
1.485275087679003470e+01
1.854407414155913258e+01
1.930228857455785629e+01
1.779798616648171716e+01
1.896611720357601172e+01
2.507993761658768150e+01
1.966513464125404198e+01
2.139555059341806498e+01
2.028158896199190053e+01
1.602553074536999844e+01
2.417540626956487060e+01
1.968371748957131828e+01
2.190419251306302328e+01
2.110697648451149178e+01
1.814690531922972383e+01
1.824400053370036545e+01
1.981428478633078072e+01
1.998269643356360348e+01
1.954852874529797191e+01
1.992769127204754298e+01
2.143403724341996153e+01
1.920894003238372960e+01
1.985007745102295829e+01
2.162260065077893501e+01
2.257790341859123728e+01
2.154578708785352603e+01
2.131323313521270180e+01
1.830806211875934864e+01
2.228752872146674235e+01
2.346766091216985473e+01
1.987054058328893902e+01
2.211552818956277022e+01
2.055108729084799535e+01
2.161537443936227376e+01
2.146654090912170432e+01
2.070287959681033740e+01
1.752064262795681415e+01
2.120473342436053343e+01
1.827640184018102332e+01
1.778395061893063200e+01
2.081954352289067245e+01
1.576210115063095074e+01
1.492868207938715486e+01
2.290401029811820521e+01
2.065935377477108048e+01
1.806864585397250167e+01
1.956768672333194559e+01
1.988751812382865225e+01
1.950438509674037135e+01
1.962805344318015344e+01
1.944597292271609135e+01
1.982461738380313676e+01
2.238623157072654735e+01
1.808504445793430548e+01
1.897231744724988189e+01
1.865627146104244005e+01
2.014363024910876021e+01
1.659538308164928111e+01
1.667601104588495886e+01
1.929157809145606350e+01
1.875153975403231854e+01
1.931568792783468425e+01
1.453505189597144209e+01
1.886046351749392969e+01
1.716472101358896296e+01
1.447589702613626628e+01
1.756125093583252195e+01
1.921497454858247522e+01
1.593013543199132087e+01
1.894353747082303840e+01
1.703156565460216143e+01
1.398573657991100205e+01
1.506117029289300824e+01
1.705574806595679505e+01
1.735116412967018107e+01
1.880822381462366621e+01
1.860198616520924730e+01
1.827629746981746450e+01
1.829845715855183741e+01
1.481594741763638012e+01
1.515319269537289593e+01
1.406500052394271805e+01
1.588212325383505075e+01
1.813547747519641717e+01
1.651387559075149625e+01
1.548374970162080722e+01
2.090015295158937647e+01
1.902051957509006641e+01
2.099263571087748659e+01
1.845910207115692003e+01
1.894392175864184580e+01
2.549464290181913384e+01
1.986643370110631324e+01
2.230719452170509953e+01
2.033271541070181598e+01
2.093611015155256183e+01
1.784583795344812529e+01
1.898628172356770705e+01
1.329702163531922210e+01
1.573011314090732071e+01
1.859637500672156918e+01
1.796720613569747016e+01
1.985935762043587616e+01
1.886684760305852038e+01
1.834471591637192134e+01
1.835077489423917996e+01
2.339725922776345968e+01
1.605030936983211731e+01
1.342798712899167946e+01
2.312297687554682213e+01
1.894315218921413191e+01
1.922827646698590343e+01
2.049073284866035394e+01
2.043282490104469673e+01
2.021581200125419286e+01
1.965299352799597443e+01
2.126663243644098600e+01
1.834061988510480035e+01
1.845554222872284100e+01
1.687219481674455324e+01
1.665869113581559091e+01
1.796573190933482422e+01
1.813330806451583399e+01
2.009514617154474436e+01
2.052252019176805575e+01
1.991490371511749657e+01
1.986514109566953934e+01
1.714399468549514793e+01
1.996717609506648827e+01
1.823457924671395958e+01
1.760601087520330310e+01
1.515382446785565307e+01
2.269932618894151588e+01
1.708784934027716318e+01
1.801385633576682466e+01
1.900980874881969740e+01
1.989865165922454437e+01
1.781278042577110909e+01
1.804592668745763362e+01
1.814452169224423983e+01
1.675464154429056762e+01
1.518732562816519582e+01
1.865941287863786613e+01
1.679234454915193453e+01
1.886775645543745483e+01
2.207114933399824253e+01
1.979810188162593221e+01
1.617245100983585360e+01
1.901154998954855557e+01
1.806328581584818593e+01
2.208368750643186473e+01
1.758685908554598143e+01
2.221699819033370105e+01
2.099470957523431736e+01
1.978950452194516529e+01
2.506749188429827413e+01
1.828091299497721067e+01
1.989138218091497379e+01
1.994747287457818175e+01
1.893864328908539463e+01
1.981979969476241621e+01
2.274326027256769223e+01
1.931265971837887818e+01
2.352930904444231075e+01
1.497670006352048233e+01
1.675995907861030787e+01
1.478048533256206198e+01
1.991769637644021529e+01
1.970315503370954602e+01
2.037252887225336551e+01
2.001984063646035139e+01
1.912481560615918141e+01
2.201645336134122388e+01
2.109856858492434029e+01
2.237476633273062987e+01
1.900107996355709261e+01
2.017981126239087075e+01
2.168475816702370196e+01
2.071987291868054371e+01
2.338865361676591448e+01
1.839413649174601773e+01
2.280708547224451621e+01
1.994340954637137031e+01
2.020593605555599126e+01
2.278734998447099258e+01
1.657412198583697460e+01
1.786300442155261337e+01
2.135671870585138166e+01
1.751642270643753818e+01
2.037463318399111856e+01
1.432353671830093589e+01
1.781278641911510618e+01
1.762264389800826336e+01
1.736455702164191806e+01
2.046048418994030271e+01
1.756110668661461816e+01
1.902745241057911230e+01
2.041007471960185526e+01
1.559457447193786273e+01
1.817776506043692208e+01
2.016489392550165860e+01
1.782241690487871466e+01
1.789480350355364990e+01
2.083416339001527007e+01
1.802111134632673384e+01
2.039625335703051334e+01
1.709004158529629080e+01
1.781213324089893746e+01
1.736044029840589786e+01
2.182748876283813289e+01
1.782001934602415005e+01
2.078411137627533023e+01
2.050670564149953279e+01
1.662042620694908734e+01
2.160146250810079138e+01
2.068479500301616625e+01
2.037267274358517710e+01
2.087876912786870065e+01
1.822835492009885527e+01
1.994534106388219996e+01
1.940494695049695295e+01
2.052285088496878274e+01
1.504385942333750847e+01
2.076897909469342096e+01
1.830605133933772066e+01
2.121273408515795111e+01
1.592818543396711561e+01
1.922563052850026111e+01
2.008559477117579561e+01
1.492418227656942875e+01
1.769582740864524339e+01
1.674234549350322609e+01
1.294009682458664656e+01
1.441233971016388971e+01
1.827724320822548520e+01
2.011851978900953242e+01
1.666588307628366650e+01
1.848135439827282767e+01
2.153256350585895973e+01
1.953456409724905285e+01
1.646522643828323496e+01
2.362792997121076866e+01
1.601454238832755905e+01
1.435936399800026031e+01
1.696304603338262496e+01
1.749663865793329620e+01
2.133613883503312536e+01
2.059721789799228020e+01
1.890051880508470816e+01
1.949624614934397115e+01
2.381833565200772185e+01
2.133308360649537860e+01
2.003110450183547542e+01
1.800440525112390233e+01
2.220661387398124731e+01
1.814790641977738517e+01
2.081330481704340229e+01
2.111857181871786082e+01
1.768401414459583165e+01
1.619533124013754843e+01
2.094197937143690069e+01
2.227053429461483702e+01
2.247299822166018757e+01
1.683730333693537773e+01
2.109738497607407837e+01
1.557674775080985796e+01
1.808995302104366232e+01
2.020462573172316212e+01
1.840211808213983247e+01
1.698094469801834805e+01
2.004809352259602306e+01
1.886050243028489604e+01
1.753408083360836756e+01
1.904849847989814293e+01
1.869020642411772926e+01
1.570025514300717084e+01
2.335170110819592892e+01
1.952385333173056736e+01
1.737482522975242105e+01
2.234232908038588405e+01
1.859747624229090235e+01
2.384338781467350898e+01
1.766299908355407311e+01
1.751378884769176381e+01
2.073720966704048152e+01
1.968554086636995848e+01
2.028898107357916558e+01
1.583450863158881461e+01
2.242543887036401884e+01
2.110408816316915903e+01
1.791253394151316414e+01
1.688266549976147246e+01
2.157389696461404327e+01
2.109957615724748337e+01
1.553479892961534148e+01
1.681338743432952043e+01
1.665090752451358824e+01
1.591848458205597794e+01
2.065175303649562721e+01
1.708653722904565697e+01
1.733949431684758835e+01
1.900064303982382086e+01
1.772850245460317709e+01
1.602377851702753730e+01
2.287348408511880038e+01
1.926752858068440943e+01
2.254613609189004109e+01
1.933255103010312226e+01
2.079489354098485165e+01
1.998565357274729948e+01
2.338890707123685075e+01
2.437579904897211591e+01
2.194509554680034569e+01
2.266788170504573685e+01
1.655228255604450638e+01
1.746854642173136796e+01
1.750315598220621283e+01
1.716127470739812466e+01
2.039176337956182294e+01
2.202988606756604639e+01
1.938072115770512127e+01
1.972313322926348533e+01
1.871058010966033791e+01
2.191198653571123245e+01
1.962672637997124880e+01
2.114656638169700997e+01
1.530352807788402991e+01
2.260328445781387430e+01
1.891799040284438149e+01
2.230094330586573648e+01
1.542799785522901068e+01
1.983357279217052493e+01
1.776817833770936872e+01
1.777328221397468155e+01
1.829679497584173831e+01
2.049383155538937373e+01
2.053695753458043072e+01
1.766174885533297712e+01
2.156846990808101339e+01
2.213294739552426549e+01
2.105157597257169044e+01
2.056761436468610782e+01
2.191078886057263375e+01
2.084253832189209987e+01
1.594274363023339802e+01
2.243688332974218724e+01
1.923579235338427296e+01
2.299406098493179584e+01
1.831040148987275629e+01
1.857087147307976238e+01
1.926055960522537092e+01
1.984986432725359151e+01
1.811590441821725150e+01
1.861677177352685675e+01
1.952677537020686671e+01
1.778780254477244327e+01
1.883333943631612684e+01
2.124623362371368529e+01
1.949051841510624072e+01
1.890540018412432488e+01
2.163847263524062470e+01
2.001418088785037241e+01
2.113153738926226666e+01
2.109485664161561758e+01
1.850004158461337056e+01
1.794787613266987236e+01
1.276343413125568027e+01
1.961841543007075472e+01
1.859905479875542156e+01
1.884920826398412430e+01
1.726546999846620167e+01
1.863337640782294002e+01
2.282298413256231839e+01
2.024617558365078906e+01
1.853781943318554326e+01
2.199807923262413212e+01
2.045754717948658552e+01
2.462340707363865988e+01
2.028553631865290541e+01
2.035900691764439685e+01
2.032343671194278656e+01
2.287848353286775094e+01
1.940973913766051595e+01
2.110363523490818594e+01
1.892635808713741952e+01
1.839582549856745786e+01
2.054090166491338820e+01
1.884536983231262752e+01
1.930722193139799003e+01
1.917214291519405478e+01
2.155148311429264751e+01
1.867462893624750109e+01
2.263404238982046124e+01
2.428092109275474542e+01
2.009590696969726764e+01
2.470456474542081438e+01
1.867023195027683613e+01
1.908779443100619844e+01
2.052281144247459110e+01
2.078361398173251828e+01
1.914356868975220038e+01
1.873896383210507111e+01
2.371181234810378413e+01
2.131197981479941461e+01
1.993089697379737402e+01
1.982608666156026089e+01
2.248581685094662674e+01
2.415939002068520480e+01
2.168838799188522870e+01
1.932202150765054327e+01
2.439742100535961455e+01
1.889402246907310712e+01
2.233758261077441887e+01
2.163265320754695153e+01
2.012961618438695766e+01
2.035759192864771094e+01
1.864297438515204064e+01
1.880178159109189906e+01
1.712626479945760138e+01
2.176242333374030480e+01
1.723812618140580355e+01
1.989015816505351708e+01
2.178571228106316582e+01
1.840370775074008236e+01
2.162049811466875582e+01
2.100254752148542892e+01
2.074249003001394698e+01
1.490285729546615379e+01
1.728089878981311145e+01
1.906539022057361876e+01
2.242618394807138671e+01
2.074829450733397351e+01
2.285452777650893808e+01
1.813415862468821516e+01
1.715193091977598883e+01
1.768006851911885136e+01
1.706275436784282107e+01
1.768681490251255539e+01
1.811545791368823188e+01
1.740949948862774121e+01
1.859341382697233414e+01
1.732406830193590963e+01
2.207942955082879166e+01
2.106582943266807817e+01
1.901209404787426038e+01
2.157191559566638972e+01
1.935319568381994770e+01
1.978233338768610494e+01
2.174754273584893838e+01
1.988175695856435965e+01
2.287992043673220977e+01
1.997034502326070537e+01
1.908187402643264008e+01
2.507960759269406026e+01
2.317283354050043442e+01
2.411573562515527414e+01
2.113248304963076052e+01
1.997807872451388178e+01
2.060819701148765049e+01
1.804402196293478866e+01
1.605762737632876025e+01
1.779149590798390435e+01
1.811057229636738697e+01
1.733778214967367859e+01
1.992870498662173162e+01
1.718137176636658481e+01
1.813514375554323621e+01
1.832553710047692519e+01
1.668187835296998145e+01
2.120424284533238435e+01
2.201085382452333050e+01
2.272514189305505283e+01
2.024055248863642831e+01
1.906900216535029813e+01
1.510066696158364685e+01
1.787145368908695531e+01
2.075348532686784964e+01
1.750638916658030197e+01
2.319895365448149605e+01
1.861300887284275163e+01
2.109707754266960933e+01
2.422568827844687078e+01
1.921314217005261327e+01
2.237048987756559626e+01
2.109330002089987133e+01
2.006590296180959498e+01
2.068929747654760831e+01
1.923822891792699252e+01
2.033162673515400698e+01
1.757419505783131797e+01
1.935999196003486134e+01
2.494570992410854515e+01
1.996175587274355578e+01
2.080933428876699764e+01
2.338639149253333116e+01
2.039130337549779881e+01
2.032033589292017695e+01
2.155207206183029456e+01
2.341433902980106296e+01
1.893150662818106156e+01
1.970452811220626543e+01
2.212638030156002600e+01
1.976868877168846694e+01
1.861121594967725557e+01
2.038507904609062749e+01
1.738310402003815369e+01
1.956908965667560096e+01
1.916393643399189628e+01
2.127897406730866336e+01
1.656564456092193538e+01
1.563776518561512319e+01
2.071547396059431634e+01
1.875821493092692194e+01
2.007738957030251825e+01
2.262548365763877456e+01
2.060167526637530599e+01
2.103777664405461323e+01
2.263376054936451709e+01
2.101977529066008543e+01
2.050461723284639604e+01
1.458400885700962490e+01
2.049799199354291801e+01
1.830264501246048425e+01
1.940717923588820426e+01
2.088036645133467317e+01
2.072447745176164347e+01
2.055585018860069368e+01
1.989582858292355994e+01
2.071883409450463631e+01
2.075511074061401473e+01
1.772372800093536327e+01
1.747186109071150284e+01
2.399725005327125871e+01
1.977873837188134232e+01
2.026456037678592637e+01
2.326143303865154266e+01
1.994665386940346963e+01
2.280455630361899466e+01
1.784008092764966946e+01
2.230466418098904668e+01
2.170052149944189068e+01
2.364388565997368730e+01
2.273339402888317906e+01
1.771352910736650799e+01
2.105770632107365969e+01
2.199823865789036859e+01
1.739163604201416646e+01
1.761747838075086392e+01
1.869895995469554251e+01
1.542764145065982895e+01
2.031516760721745385e+01
2.015855284573229866e+01
2.033571657684535339e+01
1.902451733065771222e+01
1.976011266719595838e+01
1.949552632994727475e+01
1.842303353667609400e+01
1.971782358924598100e+01
1.662379374970549861e+01
2.173286303979368128e+01
1.607329735685592098e+01
2.168582238650207117e+01
2.115492528328397981e+01
1.967472514053472565e+01
2.219131398331120053e+01
1.901693072700175335e+01
1.719528809841525430e+01
1.813821227061687580e+01
1.980751872216182008e+01
1.773675204856222365e+01
1.904575598861226382e+01
1.809022010015622683e+01
1.529971712453190769e+01
1.821387941513923536e+01
1.883529814638589883e+01
1.760237307355192371e+01
1.714377282307142636e+01
1.491794209702995744e+01
2.020405437076303201e+01
1.868491917028172367e+01
2.286435201293993913e+01
2.028548492080862076e+01
1.776199601805839023e+01
1.855702536011596493e+01
2.301571707602849060e+01
1.815043648605790949e+01
2.070078404773924774e+01
1.802606439227609769e+01
1.714423112359727241e+01
1.777823384717747146e+01
1.991121901612948975e+01
1.908649930905129466e+01
1.986645055825546180e+01
1.727966776787109637e+01
2.156854513030102893e+01
1.984203157034732001e+01
1.767261502392078043e+01
2.187931154018047408e+01
1.905083098580283263e+01
1.866194752564635451e+01
1.681857022977752436e+01
2.208200434575952897e+01
2.001277491577092249e+01
1.883666657462935490e+01
2.073375965074322025e+01
1.918210842295736995e+01
1.990222281311763908e+01
1.792669730809140560e+01
2.033202252976269975e+01
1.942644003105042572e+01
1.998805299240661526e+01
1.914440950359000837e+01
2.199910799707472719e+01
1.984174096157618195e+01
2.255879188314011685e+01
2.103852732648459778e+01
2.090051308923802154e+01
2.312171284201739141e+01
2.064205227189982494e+01
2.063473577811999604e+01
2.179445861608732571e+01
1.954269843703252363e+01
1.741064644173959408e+01
2.132278460327220060e+01
2.274740642606468910e+01
2.147246977210129870e+01
1.829009913143755384e+01
1.879556543139271696e+01
2.349919125484618121e+01
2.529149528511175404e+01
2.256895625684085971e+01
1.783156739357777099e+01
1.972184429628424951e+01
1.958266923348782385e+01
2.179952956876959647e+01
1.821732588178397094e+01
1.918347362473918949e+01
2.509141392232768908e+01
2.030672704199613321e+01
1.802696663820346146e+01
2.078608276104063890e+01
1.981462871149663485e+01
1.878448352239918151e+01
1.920758652955979429e+01
1.976966769648211297e+01
2.137384693060090513e+01
2.247415637909326946e+01
1.906782613071162658e+01
2.047318796073360758e+01
2.148745959801268768e+01
1.673644753551272402e+01
2.509649024062153799e+01
2.202499459344781840e+01
1.847517693132143535e+01
1.953889349061499203e+01
1.949781925416413841e+01
2.157954737421752966e+01
1.838590650071119015e+01
2.148705338274355015e+01
1.845284215594260502e+01
2.377744930815553914e+01
1.910145735958147739e+01
2.262975171644176697e+01
1.937638750557725587e+01
2.038662812330262142e+01
2.059042580858294968e+01
2.007989152973525648e+01
1.803116351090480762e+01
1.837735894861193486e+01
1.982734252550643816e+01
1.897120734028977296e+01
1.655406983005479660e+01
1.796693496513934818e+01
2.425686145797952520e+01
2.174898528516004959e+01
1.843723171074476497e+01
2.579457346897750369e+01
1.959118059577177462e+01
